#Importing population from  ../pops/testout_1.json
# Successfully imported population
# Cross-covariance: E 0  vs  P 1
#Singular Values:  [0.030410100446929822 0.02211735487411078 0.01950036224592924 0.017492545774712515 0.016273630370165847 0.01558506661414087 0.015222555380011783 0.01469022042183983 0.013199688395952048 0.012800902031079362 0.01162159808175962 0.011414501386239756 0.0111366327579499 0.010719286895764566 0.010231614258445283 0.009329411900939753 0.008603143088730144 0.008255156879962335 0.007708769677810991 0.007441929627025031 0.0070582014292113185 0.0064276280230250015 0.005967013306424013 0.005822008469705834 0.005290325545787221 0.004974902305137714 0.004534928607781243 0.003987725266994873 0.0035760257432502275 0.003478913368158611 0.0031108380190339466 0.0029383700876882105 0.0022861921675009643 0.0021188716355568867 0.0018927938478766248 0.001708599399885626 0.0012440598549801113 0.001052728557168502 0.000551963801250713 0.00027049064532798476 0]
  0	-4.803163e-03	-1.900584e+00	-1.854807e+00	-9.549077e-01	9.181539e-01	1.888746e-01
  1	-1.380968e-02	-2.079139e+00	-1.888502e+00	-2.749259e-01	1.306125e-01	1.302357e+00
  2	-2.985679e-02	-1.976356e+00	-1.916872e+00	1.016092e+00	6.956322e-01	-4.850076e-02
  3	2.046496e-02	-1.950447e+00	-1.959456e+00	-8.021699e-01	7.340322e-01	1.448412e-01
  4	-7.646258e-02	-2.000640e+00	-1.965794e+00	-2.001848e+00	1.893257e+00	-1.776764e+00
  5	-5.000150e-02	-1.950995e+00	-1.908276e+00	7.598887e-01	1.454367e+00	3.720727e-01
  6	-3.552775e-02	-2.052326e+00	-1.907758e+00	-1.370566e+00	-7.624807e-01	-2.760689e-01
  7	5.151706e-02	-1.978841e+00	-1.995689e+00	1.997945e-01	1.528968e-01	-8.870762e-01
  8	-6.776723e-02	-2.003063e+00	-2.003105e+00	9.379380e-02	-1.803237e-01	-1.217330e+00
  9	-6.058423e-02	-2.081554e+00	-1.940631e+00	-5.639421e-01	6.416381e-01	-1.153431e+00
 10	2.405265e-02	-2.007732e+00	-1.822841e+00	1.851459e+00	4.509981e-01	-4.177717e-01
 11	-7.876900e-02	-2.042627e+00	-1.962180e+00	-1.352157e+00	1.629055e-01	-1.162181e-01
 12	1.152499e-03	-2.020506e+00	-2.011889e+00	6.504447e-02	1.031201e+00	-1.711751e+00
 13	1.049157e-01	-2.119201e+00	-1.963835e+00	9.000797e-01	2.760042e-01	-1.025175e+00
 14	4.633268e-02	-1.868805e+00	-1.937911e+00	6.479965e-01	2.090178e+00	-8.464069e-01
 15	3.756902e-03	-2.028292e+00	-1.893915e+00	-1.651490e+00	5.873727e-01	3.716161e-01
 16	4.198139e-02	-1.916482e+00	-1.834310e+00	-1.647344e-01	8.127384e-01	5.197299e-01
 17	-2.835308e-02	-2.035262e+00	-1.936847e+00	-1.322150e+00	2.262650e-01	3.742558e-01
 18	6.556222e-02	-2.034725e+00	-1.993865e+00	-1.116039e-01	-9.917478e-02	-3.167750e-01
 19	2.903502e-02	-2.099963e+00	-1.989793e+00	8.248753e-01	6.669623e-01	-5.099332e-01
 20	1.124341e-02	-2.004640e+00	-1.949595e+00	7.013539e-01	1.236438e+00	-6.859695e-01
 21	-1.046897e-01	-2.020429e+00	-1.910893e+00	-6.898924e-01	3.584567e-01	2.343375e-01
 22	3.767574e-02	-1.933740e+00	-1.839111e+00	5.554861e-01	7.393525e-01	-2.473439e-01
 23	2.158703e-02	-1.976626e+00	-1.859319e+00	-4.320864e-01	1.434142e+00	3.425240e-02
 24	-9.957217e-03	-1.960078e+00	-1.922483e+00	1.263703e+00	6.505269e-01	-7.965500e-01
 25	1.952828e-02	-2.077399e+00	-1.901966e+00	5.805779e-01	-3.899015e-01	-6.981964e-01
 26	1.392380e-01	-1.982582e+00	-1.954067e+00	1.453059e-01	4.609647e-01	2.212587e-01
 27	2.815821e-02	-2.095723e+00	-1.963515e+00	2.627465e-01	-2.882389e-01	1.323574e-01
 28	2.077879e-02	-1.974812e+00	-1.900629e+00	1.080464e+00	3.339701e-01	-1.419673e+00
 29	-8.508740e-04	-2.065922e+00	-1.982152e+00	5.916656e-01	-8.875225e-01	-9.618996e-02
 30	1.276900e-02	-2.159684e+00	-1.976344e+00	-7.816449e-01	-1.875195e-01	-1.452187e+00
 31	1.165994e-01	-2.039054e+00	-1.969311e+00	1.178987e+00	-1.182448e+00	-1.075175e+00
 32	3.149695e-02	-2.061280e+00	-1.912812e+00	-9.799483e-02	-5.820960e-02	-5.364367e-02
 33	8.564729e-02	-2.132756e+00	-1.776200e+00	4.385350e-01	-4.891071e-01	1.619323e+00
 34	5.666638e-02	-2.111068e+00	-1.935436e+00	-7.129393e-01	-1.089275e-01	-2.684417e-02
 35	4.141235e-02	-1.993679e+00	-1.890553e+00	-3.217138e-01	8.372960e-01	-6.002264e-01
 36	-1.364118e-02	-2.067323e+00	-2.003648e+00	2.477928e-01	-1.042105e-01	-1.359770e+00
 37	1.378526e-01	-1.964319e+00	-1.868550e+00	1.190545e+00	1.083629e+00	-1.132075e+00
 38	-4.066384e-02	-2.070335e+00	-1.922261e+00	-1.673297e+00	1.554402e-01	-5.355911e-01
 39	-1.495388e-02	-1.997940e+00	-1.941637e+00	4.444763e-02	1.482328e+00	-4.755860e-01
 40	-2.516054e-02	-2.043972e+00	-2.005292e+00	-2.983084e+00	3.364306e-01	-1.002188e+00
 41	-1.022546e-01	-1.968682e+00	-1.907980e+00	-1.817740e-01	-1.458661e-01	-1.896042e+00
 42	-2.648531e-02	-2.028362e+00	-1.913356e+00	-1.465112e+00	5.652514e-01	1.319726e-01
 43	-6.869829e-02	-2.032622e+00	-1.983405e+00	-4.438474e-01	9.470921e-01	-9.794722e-01
 44	9.129121e-02	-2.034872e+00	-1.911979e+00	5.285416e-01	5.884462e-01	-4.671920e-01
 45	5.303675e-02	-2.051089e+00	-2.014065e+00	-3.934076e-01	3.426098e-02	-1.753899e+00
 46	-8.514752e-03	-1.971081e+00	-1.978773e+00	-6.931098e-01	2.176798e+00	-1.111380e+00
 47	-1.099031e-01	-2.099708e+00	-1.854799e+00	-6.136884e-01	2.283545e-01	-2.304190e-01
 48	8.915114e-02	-2.037324e+00	-1.936284e+00	5.388154e-01	3.282074e-01	-1.038373e+00
 49	-1.724639e-02	-1.971492e+00	-1.981636e+00	-8.964393e-01	1.302481e+00	-1.144225e+00
 50	-1.511181e-02	-1.922809e+00	-1.990548e+00	8.419681e-02	2.392428e-01	-5.944048e-01
 51	-1.294068e-03	-1.970843e+00	-1.897048e+00	-1.826727e+00	8.355308e-01	-3.510460e-01
 52	-3.740642e-02	-2.143885e+00	-1.798201e+00	-5.486405e-01	5.474957e-01	-2.087970e-01
 53	-5.261360e-03	-2.009954e+00	-2.007998e+00	5.305097e-01	-4.320340e-01	-1.005580e+00
 54	2.673048e-02	-2.064058e+00	-1.840987e+00	7.423572e-01	5.346502e-01	-3.840485e-01
 55	1.174470e-01	-1.943572e+00	-1.907074e+00	3.677509e-01	9.109293e-01	3.841367e-01
 56	3.212881e-02	-2.006821e+00	-1.882333e+00	-1.696711e-01	8.825740e-01	-6.805498e-02
 57	3.686650e-02	-2.073792e+00	-1.890035e+00	-3.927622e-01	7.943013e-01	-2.953340e-02
 58	1.236216e-02	-2.020591e+00	-1.919981e+00	-3.365276e-01	1.256552e+00	-8.016033e-01
 59	-1.017225e-01	-2.038165e+00	-1.895001e+00	-1.478929e+00	7.309013e-01	-9.275565e-01
 60	-9.658340e-02	-1.976209e+00	-1.996545e+00	7.119954e-01	-4.272782e-01	-6.433109e-01
 61	1.643925e-02	-1.991552e+00	-1.900169e+00	5.994468e-01	5.021710e-01	-4.346131e-01
 62	-1.715591e-02	-2.064154e+00	-1.995612e+00	1.063138e+00	4.853529e-01	-8.824132e-01
 63	5.498424e-03	-2.047448e+00	-1.916629e+00	8.801037e-02	4.607604e-01	2.513905e-02
 64	4.030158e-02	-2.013784e+00	-1.948468e+00	-7.306178e-01	1.125842e+00	-1.529082e+00
 65	-3.970664e-02	-2.143670e+00	-2.001192e+00	-4.100051e-01	-3.156303e-01	-1.105052e+00
 66	2.405607e-02	-2.042601e+00	-1.878107e+00	2.866006e-01	9.315706e-02	-2.942776e-01
 67	-4.977065e-02	-2.041733e+00	-1.975541e+00	-7.623921e-01	-1.448577e-01	-7.990090e-01
 68	3.227325e-02	-2.018776e+00	-2.004497e+00	8.310751e-01	5.093047e-01	-5.691081e-01
 69	5.816091e-02	-2.132970e+00	-1.895767e+00	1.347149e-02	1.133895e-02	-4.085801e-01
 70	-9.187068e-03	-1.922407e+00	-1.924177e+00	6.811208e-01	1.272966e+00	-2.840820e-01
 71	-2.037324e-02	-2.104198e+00	-1.831287e+00	2.265560e-01	2.858784e-01	-1.232764e-02
 72	-1.963613e-02	-1.962452e+00	-1.976971e+00	-9.515566e-01	1.628006e+00	-7.710111e-01
 73	8.965898e-03	-2.116623e+00	-2.001510e+00	6.521196e-01	7.232415e-01	-6.444712e-01
 74	-8.586698e-02	-2.057493e+00	-1.921102e+00	8.425125e-01	-7.357319e-01	3.840350e-01
 75	5.040572e-02	-2.081490e+00	-1.910298e+00	1.697149e+00	8.063606e-01	-7.247740e-01
 76	-2.832101e-02	-2.109213e+00	-1.986489e+00	-1.001516e-01	-1.658263e-01	-7.247658e-01
 77	-6.267664e-02	-1.948893e+00	-1.998407e+00	-1.016902e+00	1.163409e+00	-1.205526e+00
 78	-8.243392e-02	-2.010956e+00	-1.869848e+00	-7.007197e-01	2.026537e-01	-5.127654e-01
 79	7.016190e-02	-2.122378e+00	-1.847077e+00	6.279576e-01	-1.041678e+00	1.640634e-01
 80	-2.116942e-02	-2.064433e+00	-1.913422e+00	1.498292e+00	-2.103267e-01	-8.115111e-01
 81	-1.009147e-01	-1.992496e+00	-1.953691e+00	-2.965160e-01	-2.431591e-01	-3.908602e-01
 82	3.974678e-02	-2.042180e+00	-1.905496e+00	4.889370e-01	-4.103779e-01	-1.035479e+00
 83	-8.622965e-03	-2.077275e+00	-1.957063e+00	1.659548e+00	1.698019e-02	-6.587344e-01
 84	-2.623343e-02	-2.018761e+00	-1.990913e+00	-3.475206e-01	1.367535e+00	-8.280872e-01
 85	3.484971e-02	-2.093889e+00	-1.991660e+00	-4.013354e-01	8.250096e-02	-3.634636e-01
 86	-2.025620e-02	-2.038123e+00	-1.930421e+00	-1.434539e+00	2.529628e-01	1.966231e-01
 87	9.322759e-04	-2.009171e+00	-1.983738e+00	1.072698e+00	2.874098e-01	-1.625677e+00
 88	-6.925779e-03	-2.161655e+00	-1.960545e+00	9.480415e-01	-8.016412e-03	3.876773e-01
 89	2.069504e-03	-1.980971e+00	-1.918593e+00	-3.046566e-01	7.924510e-01	-3.713576e-02
 90	3.893396e-02	-1.983610e+00	-2.027022e+00	5.185082e-01	1.937580e+00	-1.670573e+00
 91	-2.466531e-02	-2.053055e+00	-1.994843e+00	-2.208109e+00	-1.300829e-01	-2.948466e-01
 92	-4.552372e-02	-2.169687e+00	-1.848642e+00	-4.075941e-01	-8.186699e-01	-5.367943e-01
 93	-7.483880e-02	-1.980808e+00	-1.993893e+00	-9.299029e-01	9.813549e-01	-1.348881e+00
 94	-1.484515e-02	-1.915425e+00	-1.862541e+00	-4.244528e-01	9.783510e-01	1.720961e-01
 95	2.003622e-02	-1.915698e+00	-2.018621e+00	5.106559e-01	1.452118e+00	-1.355238e+00
 96	-7.804555e-02	-2.144352e+00	-1.890197e+00	2.858685e-01	-1.168193e+00	-7.632143e-01
 97	-9.741179e-02	-2.045032e+00	-1.924640e+00	6.516146e-01	1.118179e+00	-5.234869e-01
 98	-9.045257e-03	-2.086583e+00	-1.951955e+00	5.781648e-01	-2.458223e-01	-1.916988e-01
 99	3.749906e-02	-1.942890e+00	-1.974719e+00	2.614450e-01	6.889504e-01	-8.027909e-01
100	5.415443e-02	-1.995385e+00	-1.951519e+00	2.151841e+00	9.607423e-01	-8.258319e-01
101	3.138921e-02	-1.969581e+00	-1.947750e+00	1.647197e+00	3.417747e-01	-1.238449e+00
102	2.813955e-02	-2.131969e+00	-1.950717e+00	-1.548695e-01	2.607694e-02	-1.459943e+00
103	1.890231e-02	-2.132993e+00	-1.918012e+00	4.056918e-01	-2.820267e-01	-4.788011e-01
104	5.130671e-02	-2.026890e+00	-1.994280e+00	1.000434e+00	1.234131e-01	-3.430509e-01
105	-2.979005e-02	-2.084220e+00	-1.903814e+00	7.233078e-01	-1.927087e-01	-1.570445e-01
106	1.001254e-01	-1.946444e+00	-1.895068e+00	7.797260e-01	8.629479e-01	-1.756330e-01
107	-8.236341e-02	-1.878314e+00	-1.863660e+00	-5.664467e-01	2.108074e+00	1.321257e-01
108	2.523290e-02	-2.037687e+00	-1.936411e+00	8.017387e-01	7.888236e-01	1.421230e-01
109	1.283996e-02	-2.104503e+00	-1.951856e+00	7.856079e-01	-4.914762e-02	-7.014607e-01
110	4.966998e-02	-2.015459e+00	-1.976831e+00	1.341453e+00	3.565358e-01	-6.038103e-01
111	1.972283e-02	-1.979568e+00	-1.874935e+00	3.467703e-01	9.561540e-01	-7.363633e-01
112	-8.705514e-02	-1.983663e+00	-1.925634e+00	-5.509504e-01	5.468797e-01	-1.138844e+00
113	-1.135145e-02	-1.967302e+00	-1.995483e+00	1.549345e+00	8.556257e-01	-4.498355e-01
114	6.906493e-02	-2.134548e+00	-1.882540e+00	1.856701e+00	9.363977e-01	-1.619119e-01
115	-2.163715e-02	-2.012080e+00	-1.883687e+00	-6.196035e-01	4.088921e-01	8.699614e-02
116	-5.794898e-02	-1.960543e+00	-1.942787e+00	1.103684e+00	1.366061e+00	2.507721e-01
117	-8.231037e-03	-1.923386e+00	-1.854776e+00	1.459803e+00	9.315532e-01	-2.152036e-01
118	-5.442913e-02	-2.065954e+00	-1.930190e+00	6.066688e-01	6.762170e-01	1.730732e-01
119	-3.215566e-02	-2.103207e+00	-1.994754e+00	-1.177833e-01	-7.274222e-01	-1.018840e-01
120	-8.777301e-02	-2.004420e+00	-1.909885e+00	-1.659085e+00	3.322696e-01	-1.817303e+00
121	2.177346e-02	-2.121264e+00	-1.937067e+00	-1.917204e+00	4.553730e-02	-3.784755e-01
122	-1.504462e-02	-2.078286e+00	-1.859308e+00	3.522149e-01	8.248507e-02	2.420067e-01
123	3.326789e-03	-2.019169e+00	-1.970680e+00	8.517734e-01	5.401473e-01	-7.714404e-01
124	-6.029419e-04	-2.005709e+00	-1.938567e+00	7.703408e-01	-1.682628e-01	-1.120071e+00
125	7.194900e-04	-1.977980e+00	-1.990869e+00	-2.793383e-01	1.654185e-01	-5.565196e-01
126	8.223252e-02	-2.121157e+00	-2.047768e+00	8.854476e-01	1.521754e-02	-3.934596e-01
127	-1.493064e-03	-2.014056e+00	-1.988622e+00	-3.679074e-01	-9.489821e-01	2.023319e-01
128	-1.912081e-02	-2.106885e+00	-1.818740e+00	-1.805552e+00	-2.676269e-01	5.807874e-01
129	1.160892e-03	-2.139023e+00	-1.983349e+00	3.842794e-01	-1.658650e-01	3.434040e-01
130	-8.810422e-03	-2.072009e+00	-2.000678e+00	3.568445e-01	2.824143e-01	-1.372052e+00
131	-2.519977e-02	-2.031812e+00	-1.872403e+00	-9.444493e-02	2.485164e-01	-1.919325e-01
132	1.205315e-01	-2.005446e+00	-1.953033e+00	1.262839e+00	4.156150e-01	-3.766628e-01
133	9.097843e-02	-1.991739e+00	-1.930638e+00	1.279447e+00	-5.497323e-02	-1.104435e+00
134	1.479653e-02	-2.004356e+00	-1.918577e+00	2.194569e-01	1.016854e+00	-3.355316e-02
135	9.224653e-03	-2.054781e+00	-1.955568e+00	-5.646696e-01	1.916587e-01	-7.206885e-01
136	-2.054103e-02	-2.103757e+00	-1.928354e+00	-5.098227e-02	-1.132472e-01	-2.899008e-01
137	3.007170e-02	-1.938979e+00	-1.880691e+00	7.771693e-01	3.141165e-01	-5.601308e-01
138	-1.238559e-02	-2.010283e+00	-1.894287e+00	-1.685226e+00	1.477809e-01	7.246153e-02
139	-4.000391e-02	-1.927205e+00	-1.840286e+00	1.334236e+00	4.273512e-01	-2.547355e-01
140	1.856116e-02	-2.001728e+00	-1.994838e+00	-3.989613e-01	1.278502e+00	-2.439863e-01
141	-2.783645e-02	-2.000331e+00	-1.803104e+00	-1.233977e+00	5.365305e-01	-8.394892e-01
142	8.293722e-02	-1.947767e+00	-1.915163e+00	3.696213e-01	2.072674e-01	2.696525e-02
143	-3.736359e-02	-2.032417e+00	-1.939792e+00	-2.418108e-01	6.264728e-01	-2.168149e-01
144	7.837720e-02	-1.947398e+00	-1.924168e+00	1.168450e+00	9.655193e-01	4.494589e-01
145	1.187727e-01	-2.105545e+00	-1.974811e+00	1.221009e+00	6.092448e-01	-2.400492e-01
146	-4.822555e-02	-1.962742e+00	-1.882886e+00	-1.658208e+00	9.381785e-01	-9.426166e-01
147	9.992772e-02	-2.039928e+00	-1.944152e+00	7.953610e-01	5.962131e-02	-2.646307e-01
148	5.431599e-02	-2.023646e+00	-1.956792e+00	6.940965e-01	-1.476314e-01	-1.277820e+00
149	-7.682517e-02	-2.088034e+00	-2.035235e+00	4.445287e-01	3.388859e-01	-1.768003e+00
150	1.131998e-03	-2.073271e+00	-1.894361e+00	7.296286e-01	-1.223737e-01	8.448106e-01
151	-6.391785e-02	-1.962570e+00	-1.909760e+00	-3.635056e+00	1.367899e+00	-2.381890e-01
152	-3.430289e-02	-1.988675e+00	-1.890809e+00	-1.127754e+00	2.035487e+00	-1.058739e+00
153	-7.681017e-02	-2.004392e+00	-1.979651e+00	-1.655912e+00	2.406718e-01	-1.297696e+00
154	-7.572369e-02	-2.080849e+00	-1.830100e+00	7.507970e-01	4.264890e-02	3.657334e-01
155	9.841479e-02	-2.002282e+00	-1.924874e+00	1.480772e+00	-7.794891e-01	-2.835650e-01
156	-1.196446e-01	-1.932026e+00	-1.953521e+00	-3.688177e-01	1.207489e+00	-4.890645e-01
157	-1.282475e-01	-2.089557e+00	-1.847471e+00	-2.598121e+00	-3.406851e-01	6.582586e-01
158	5.033710e-03	-2.082959e+00	-1.751504e+00	1.593331e+00	-5.551053e-02	9.891667e-02
159	-5.179339e-03	-2.046356e+00	-1.961471e+00	-1.136963e+00	1.018906e+00	-5.584288e-01
160	7.141642e-02	-2.087988e+00	-1.947119e+00	8.578624e-01	8.058599e-01	-8.444621e-01
161	7.037795e-03	-2.135640e+00	-1.903131e+00	-5.684437e-01	1.051342e-02	-3.660705e-01
162	7.266599e-02	-2.037002e+00	-1.923401e+00	1.798608e+00	2.061639e+00	-4.452034e-01
163	6.047314e-02	-2.014898e+00	-1.926965e+00	1.228817e+00	2.160922e-01	1.923527e-01
164	8.726305e-02	-2.082032e+00	-1.952199e+00	1.512449e+00	-8.080983e-02	-1.919265e+00
165	2.121341e-02	-2.022627e+00	-1.925458e+00	1.204755e+00	1.017490e+00	-1.034365e+00
166	3.372901e-03	-1.989319e+00	-1.816650e+00	-4.893635e-01	1.059952e+00	-2.330968e-01
167	1.809842e-02	-2.016313e+00	-2.036736e+00	-6.961457e-02	3.136097e-01	-4.575824e-01
168	-8.408603e-02	-1.987788e+00	-1.974123e+00	-1.261336e+00	9.029229e-01	-2.492339e-02
169	-6.609638e-02	-1.994352e+00	-1.981983e+00	-1.006093e+00	8.427049e-01	-1.387847e+00
170	9.875024e-02	-2.007240e+00	-1.927054e+00	1.055907e+00	1.041251e+00	-4.886265e-01
171	-1.438223e-02	-2.139464e+00	-1.794294e+00	-1.770943e+00	-9.682189e-01	-8.044461e-01
172	5.678599e-02	-2.083413e+00	-1.982812e+00	1.128404e+00	7.254941e-01	-1.609902e+00
173	1.720629e-02	-2.028316e+00	-1.881573e+00	-1.854415e+00	-8.151607e-01	3.753337e-01
174	6.926895e-02	-2.128276e+00	-2.109698e+00	8.271775e-02	3.266218e-01	-1.325536e+00
175	7.577059e-02	-2.115249e+00	-2.106339e+00	5.950198e-01	-7.922327e-01	-2.045414e+00
176	-1.995710e-02	-2.000002e+00	-1.885933e+00	1.384099e+00	2.287156e-01	4.568905e-01
177	8.247646e-03	-2.055321e+00	-1.907836e+00	7.743923e-01	4.437172e-01	-3.872358e-02
178	-6.183189e-02	-2.014769e+00	-2.025902e+00	1.004389e-01	2.291274e-02	-1.112972e+00
179	5.961528e-02	-2.010115e+00	-1.813161e+00	1.575730e+00	3.597497e-01	1.824025e-01
180	-1.044922e-01	-1.955812e+00	-2.051044e+00	-2.161667e+00	4.761132e-01	-1.236591e+00
181	-3.689943e-02	-2.066688e+00	-1.869865e+00	2.829298e-01	-1.217726e-01	5.994793e-01
182	-3.801771e-02	-2.049790e+00	-1.923398e+00	-3.723663e-01	6.363340e-02	-4.043338e-01
183	2.928203e-02	-2.021160e+00	-1.856167e+00	-1.622786e+00	-9.033440e-01	1.067196e+00
184	2.374620e-02	-2.027398e+00	-1.864853e+00	6.325292e-01	9.934277e-01	-6.208104e-01
185	-1.272381e-01	-2.041126e+00	-1.967583e+00	-7.837806e-01	1.138301e+00	1.934184e-01
186	9.248548e-02	-1.960274e+00	-1.883565e+00	2.023351e+00	8.301881e-01	6.149514e-01
187	6.720210e-03	-2.006609e+00	-1.967639e+00	-1.958865e+00	-5.292303e-01	-4.509547e-01
188	-2.429730e-02	-1.930127e+00	-1.925186e+00	-2.216196e+00	7.918916e-01	6.472380e-02
189	5.147825e-02	-2.073923e+00	-1.930912e+00	4.551104e-01	8.483914e-01	-1.184664e+00
190	-1.083056e-01	-2.116413e+00	-1.964850e+00	-1.731337e+00	4.665423e-01	-4.362731e-01
191	-8.895899e-02	-1.950968e+00	-1.871874e+00	-4.839142e-02	1.173179e+00	7.612475e-01
192	-9.533292e-03	-2.056709e+00	-1.895302e+00	-5.579238e-01	-9.466775e-02	3.225632e-01
193	-6.059987e-02	-1.973825e+00	-1.904668e+00	3.852875e-01	1.692309e-01	1.773951e-01
194	-4.793073e-03	-2.033341e+00	-1.877431e+00	8.085215e-01	4.527274e-01	3.688311e-02
195	-1.423993e-01	-2.053645e+00	-1.875411e+00	-2.250471e+00	1.117863e-01	-7.497289e-03
196	3.931399e-02	-2.072647e+00	-1.896056e+00	-2.111160e+00	4.036474e-01	-1.091538e+00
197	6.268256e-02	-2.017581e+00	-1.872850e+00	1.740300e+00	1.300272e+00	9.700454e-02
198	-7.387625e-02	-2.062955e+00	-1.966776e+00	-1.093915e+00	-7.509491e-01	-8.865060e-01
199	5.123855e-02	-2.000793e+00	-1.904590e+00	-5.871091e-01	1.856241e+00	-1.967319e-01
