#Importing population from  ../pops/testout_1.json
# Successfully imported population
# Cross-covariance: E 0  vs  G 1
#Singular Values:  [0.072952364975096 0.05128270090213784 0.046286439740548455 0.042461380153438616 0.04150808791400394 0.03557402167523756 0.033956786800191985 0.031586278692676974 0.03147523483765261 0.029750292461372105 0.028504639853391776 0.02782480169960917 0.025258196961345243 0.02488120198421173 0.022918120362089855 0.022662413088895342 0.02251078559533365 0.0210808356324534 0.02021354445941118 0.01959648945990356 0.018888064627061624 0.01812590628394752 0.017156847207037033 0.016644655565194025 0.01579828182984555 0.015034796394227577 0.014612868279906663 0.01397120868440464 0.013483388579993184 0.012902271457724847 0.011981935947819922 0.011123939586933328 0.010463311591394 0.00985852635172314 0.009528491222459844 0.008692152618705762 0.008297252987180932 0.0077095499459221735 0.007620149394016548 0.007334065105699785 0]
  0	-3.703202e-02	2.439172e+00	-4.061691e-01	-3.255735e+00	1.864809e+00	3.455518e+00
  1	6.548010e-03	2.591098e+00	-3.742278e-01	-5.615641e-01	2.301019e-01	2.562145e+00
  2	-6.655378e-02	2.539284e+00	-4.392906e-01	2.125736e+00	-9.565253e-01	-8.012572e-01
  3	-7.267424e-02	2.460213e+00	-3.897341e-01	-3.564268e+00	-3.626868e-01	2.244740e-01
  4	-8.722959e-02	2.503346e+00	-4.649166e-01	-6.695184e+00	8.253014e-01	2.226274e+00
  5	-7.129093e-02	2.565085e+00	-3.010078e-01	-6.297031e-01	-3.095796e+00	3.845909e+00
  6	2.482675e-03	2.577321e+00	-4.342122e-01	-2.372691e-01	1.595821e+00	-2.113789e+00
  7	5.960775e-02	2.515848e+00	-3.015868e-01	1.133785e+00	1.743412e+00	-2.719303e+00
  8	-7.352816e-02	2.639868e+00	-3.073798e-01	1.972160e+00	2.345316e+00	2.064929e+00
  9	-6.950160e-03	2.580002e+00	-4.055638e-01	3.655970e-01	1.675697e+00	2.242582e+00
 10	3.214596e-02	2.504373e+00	-3.291569e-01	3.172397e+00	1.322351e+00	3.065601e+00
 11	-4.180987e-02	2.613595e+00	-3.774652e-01	-1.644926e+00	4.476920e-01	-3.478388e-01
 12	-1.680952e-02	2.571333e+00	-3.816487e-01	1.173581e+00	-1.480509e+00	9.302891e-01
 13	9.319625e-02	2.524231e+00	-3.924731e-01	1.620843e+00	-2.571722e+00	-1.127104e-01
 14	2.372544e-02	2.452083e+00	-3.229871e-01	1.018506e+00	2.515226e+00	3.525577e+00
 15	-3.963915e-02	2.571766e+00	-3.230438e-01	-5.828030e+00	1.656339e-01	7.004799e-01
 16	5.019951e-02	2.551091e+00	-2.918917e-01	2.659785e+00	2.423833e+00	1.352660e+00
 17	1.705744e-02	2.551791e+00	-3.575646e-01	-3.023746e-01	3.627150e-01	-1.535438e+00
 18	5.886822e-02	2.567454e+00	-2.904630e-01	-9.665046e-01	-4.489034e-02	4.719376e+00
 19	5.729002e-02	2.514129e+00	-4.139908e-01	1.056331e+00	-1.738551e+00	2.355223e+00
 20	-2.826403e-02	2.506002e+00	-3.189506e-01	1.726653e+00	-2.227835e-01	-5.927132e-01
 21	-7.555229e-02	2.581354e+00	-4.384862e-01	-1.191193e+00	-5.474361e-01	-6.410497e-01
 22	-2.527279e-02	2.466869e+00	-3.144537e-01	2.157456e+00	1.542938e+00	1.803647e+00
 23	-1.036453e-02	2.473082e+00	-4.196293e-01	-4.056067e+00	-3.197564e+00	2.064776e+00
 24	-5.100783e-02	2.488576e+00	-3.519558e-01	7.913985e-01	-2.784375e-01	-1.036532e+00
 25	3.130330e-02	2.533219e+00	-4.137674e-01	1.282702e+00	-7.767726e-01	1.055143e-01
 26	7.169285e-02	2.549566e+00	-2.757769e-01	-7.865301e-02	7.505796e-02	-2.178345e-01
 27	5.818171e-02	2.624494e+00	-3.714944e-01	2.166215e+00	3.316085e+00	6.634003e-01
 28	-3.040022e-02	2.539229e+00	-3.638434e-01	3.457201e+00	2.073970e+00	2.052444e+00
 29	-9.742266e-03	2.531835e+00	-3.422753e-01	2.662288e+00	-1.866696e+00	-7.492427e-01
 30	4.212656e-02	2.669473e+00	-3.843868e-01	1.883651e+00	3.306513e+00	2.784967e+00
 31	1.166449e-01	2.471141e+00	-3.070697e-01	1.413098e+00	-1.567014e+00	2.693565e+00
 32	3.412221e-02	2.539767e+00	-3.361612e-01	1.870024e+00	4.878225e-01	1.602169e+00
 33	9.493100e-02	2.538049e+00	-4.409420e-01	3.350701e+00	-1.593834e+00	-1.088819e+00
 34	9.379410e-02	2.572650e+00	-3.186129e-01	2.049245e+00	7.365583e-01	1.036286e+00
 35	7.233867e-02	2.536244e+00	-3.541260e-01	8.132014e-01	1.197558e+00	3.679522e+00
 36	-2.324274e-02	2.533252e+00	-3.570955e-01	1.705719e+00	2.216598e+00	2.340772e+00
 37	1.117618e-01	2.443329e+00	-2.000488e-01	3.759416e+00	9.125080e-02	5.464370e+00
 38	-1.418565e-02	2.603224e+00	-3.749541e-01	-2.429081e+00	2.359019e+00	9.464584e-01
 39	2.652593e-02	2.543913e+00	-4.208711e-01	1.889648e+00	-1.457283e+00	1.146440e-01
 40	-2.950246e-02	2.508249e+00	-3.691847e-01	-3.200712e+00	1.447637e-01	-9.180747e-01
 41	-7.451787e-02	2.588678e+00	-3.227268e-01	2.486463e+00	3.632567e+00	1.946969e+00
 42	-1.247718e-02	2.572208e+00	-4.235830e-01	-5.427926e+00	-1.320387e+00	1.807053e+00
 43	-8.597638e-02	2.521539e+00	-3.806560e-01	-1.688825e+00	9.606048e-01	2.495748e+00
 44	9.487444e-02	2.582159e+00	-4.220680e-01	1.027604e+00	2.224130e-01	-1.409191e-01
 45	9.670978e-02	2.508235e+00	-3.861393e-01	1.868838e+00	2.623092e-01	-5.100148e-01
 46	4.705468e-03	2.566277e+00	-3.221274e-01	-3.210968e+00	3.713079e-01	3.438305e+00
 47	-1.043957e-01	2.632814e+00	-4.273540e-01	-1.964263e+00	4.274723e+00	6.592370e-02
 48	7.908929e-02	2.433003e+00	-3.368812e-01	2.580277e+00	-1.193380e+00	-1.003302e+00
 49	-2.072963e-02	2.603518e+00	-3.762076e-01	-3.937468e+00	-2.125581e+00	2.297415e+00
 50	-4.252743e-02	2.491082e+00	-3.507197e-01	-1.089861e+00	-1.500868e+00	2.803261e+00
 51	-4.449780e-02	2.437477e+00	-3.787822e-01	-6.552879e+00	-2.136619e+00	2.151822e+00
 52	1.946733e-02	2.608281e+00	-4.568782e-01	-4.368530e-01	1.356448e+00	4.211919e-01
 53	4.933627e-03	2.481313e+00	-3.551021e-01	-9.240575e-01	-2.206412e+00	3.797234e+00
 54	3.868541e-02	2.578493e+00	-3.937812e-01	1.880066e+00	-6.531761e-01	-1.508632e+00
 55	4.805374e-02	2.461565e+00	-2.867286e-01	-3.501701e+00	-2.341362e+00	1.891770e+00
 56	6.749803e-02	2.426188e+00	-4.331909e-01	8.357292e-01	-2.740790e+00	6.547410e-01
 57	2.337686e-02	2.449868e+00	-3.261026e-01	-8.228519e-01	-1.587961e+00	1.100028e+00
 58	-1.860841e-02	2.590112e+00	-3.389038e-01	-5.112291e+00	1.042043e+00	4.659786e+00
 59	-4.700716e-02	2.546559e+00	-4.341479e-01	-6.891366e-01	1.454579e+00	-1.070342e+00
 60	-1.503032e-01	2.627102e+00	-3.146905e-01	-1.549590e-01	1.974235e+00	3.749821e+00
 61	-2.056179e-02	2.514438e+00	-3.428609e-01	-1.654767e+00	-2.232744e+00	1.782607e+00
 62	4.884428e-02	2.583486e+00	-4.269932e-01	2.611345e+00	7.605190e-01	1.023010e+00
 63	-1.644923e-02	2.517716e+00	-4.259173e-01	-3.812055e-01	-2.314413e+00	-4.161987e-01
 64	1.650891e-02	2.569153e+00	-2.474694e-01	-2.112124e-01	1.930694e+00	1.480134e+00
 65	9.248568e-03	2.634036e+00	-4.002224e-01	9.242618e-01	-7.073733e-01	8.707852e-01
 66	-4.861968e-02	2.465105e+00	-3.629582e-01	-1.298285e+00	-1.739784e+00	8.607398e-01
 67	-3.222177e-02	2.568006e+00	-4.770037e-01	-4.076373e-01	2.649031e+00	-3.253830e+00
 68	4.863520e-02	2.552490e+00	-3.954711e-01	1.924904e+00	-4.370802e-01	4.782019e-01
 69	5.629958e-02	2.495078e+00	-3.649357e-01	8.844848e-01	-1.845720e+00	6.168699e-01
 70	-5.916613e-02	2.409686e+00	-3.043894e-01	-4.223629e-01	-2.353473e+00	2.361505e+00
 71	-1.398287e-02	2.518012e+00	-4.030618e-01	-5.793015e-01	-3.367001e-01	-1.147894e+00
 72	-3.683202e-02	2.589723e+00	-3.403287e-01	-3.154569e+00	-1.023845e+00	2.536394e+00
 73	4.667196e-02	2.601178e+00	-4.471295e-01	1.904099e+00	2.758336e+00	3.062683e+00
 74	-8.833319e-02	2.501403e+00	-4.372207e-01	1.559962e+00	-3.169815e-01	-4.380680e-02
 75	1.617315e-02	2.580749e+00	-3.802451e-01	3.352802e+00	1.604016e+00	2.651694e+00
 76	-2.097540e-02	2.570310e+00	-4.085998e-01	-6.082189e-01	3.426740e-01	-1.661921e+00
 77	-7.229867e-02	2.587899e+00	-3.741865e-01	2.865833e-01	9.027342e-01	-8.260314e-01
 78	2.951701e-02	2.589451e+00	-4.248495e-01	-4.627930e-01	-9.483957e-03	-1.217141e-01
 79	1.217777e-01	2.554781e+00	-3.863080e-01	3.353286e+00	-2.805062e-02	-1.099297e+00
 80	-1.391085e-03	2.568762e+00	-4.222241e-01	1.894233e+00	6.164848e-01	-1.931427e+00
 81	-1.052049e-01	2.637759e+00	-3.187787e-01	1.180380e+00	3.024164e+00	1.169694e+00
 82	2.244689e-02	2.495671e+00	-3.261466e-01	2.555977e+00	6.978908e-01	2.155935e+00
 83	1.212973e-02	2.622813e+00	-3.018762e-01	3.786713e+00	1.160136e+00	2.138453e+00
 84	-4.300803e-02	2.557757e+00	-4.181551e-01	-3.834048e+00	-1.551839e+00	7.516939e-01
 85	8.281355e-02	2.638280e+00	-2.587621e-01	-2.059398e+00	1.001866e+00	4.171090e+00
 86	3.067223e-02	2.538610e+00	-2.960118e-01	-3.498272e+00	-7.076451e-01	8.376165e-01
 87	1.134756e-02	2.553863e+00	-3.958820e-01	3.173899e+00	-9.238407e-01	-2.587975e-01
 88	7.311903e-02	2.607794e+00	-4.217802e-01	2.087765e+00	-1.290195e-01	-1.209736e-01
 89	-5.046396e-02	2.474943e+00	-4.013111e-01	1.059442e+00	-1.480010e+00	-8.548581e-01
 90	-3.411433e-02	2.487810e+00	-2.287362e-01	-1.034683e+00	-3.737402e+00	4.201759e+00
 91	-1.597719e-02	2.646541e+00	-3.013449e-01	-3.304914e+00	3.672754e+00	1.251931e+00
 92	-3.331753e-03	2.717636e+00	-4.079636e-01	2.520945e-01	4.691961e+00	1.198712e+00
 93	-7.289284e-02	2.522327e+00	-3.885433e-01	-1.646124e-01	2.509455e+00	1.121458e+00
 94	-2.665451e-04	2.479007e+00	-3.731117e-01	7.212113e-02	-8.079163e-01	1.289735e+00
 95	-1.151338e-02	2.546059e+00	-3.326278e-01	1.197895e+00	3.826766e-01	1.354484e+00
 96	-3.923263e-02	2.571078e+00	-4.578418e-01	1.869645e+00	1.874264e+00	-8.967984e-02
 97	-7.183693e-02	2.591720e+00	-3.494410e-01	2.028806e+00	-1.857497e+00	-3.807039e-01
 98	4.608494e-02	2.652821e+00	-3.652832e-01	1.519566e+00	1.598512e-01	2.886996e+00
 99	-6.857953e-03	2.521586e+00	-4.251458e-01	4.056425e-01	8.665852e-01	-7.950769e-01
100	5.047374e-02	2.520061e+00	-4.226909e-01	2.954219e+00	-1.111126e-01	-1.918812e-01
101	1.245226e-02	2.452338e+00	-2.972346e-01	2.333511e+00	-9.264760e-01	7.988650e-01
102	3.894263e-02	2.524681e+00	-4.212622e-01	-9.414122e-01	6.636648e-01	3.330908e+00
103	6.373712e-02	2.703394e+00	-4.038136e-01	4.288822e-01	1.594033e+00	-1.999798e+00
104	3.246611e-02	2.546073e+00	-3.692615e-01	9.384250e-01	-1.367262e+00	2.492882e+00
105	4.530604e-03	2.504332e+00	-5.105572e-01	1.658130e+00	-1.461545e+00	-1.569759e+00
106	1.198299e-02	2.463703e+00	-3.001047e-01	4.620807e-01	-7.658735e-01	-1.189657e+00
107	-1.741314e-01	2.432942e+00	-3.309915e-01	-5.032895e+00	-1.105669e+00	1.860386e+00
108	9.900655e-03	2.482627e+00	-3.681289e-01	1.303724e+00	-5.778008e-01	1.126280e+00
109	5.340073e-02	2.531907e+00	-4.283769e-01	2.068184e+00	4.758032e-01	1.138366e+00
110	2.054748e-02	2.544698e+00	-3.507701e-01	1.339733e+00	-2.775033e-01	-3.878748e-01
111	3.564466e-02	2.495104e+00	-3.650815e-01	6.225573e-01	-1.646261e+00	-1.174435e-01
112	-3.240564e-02	2.592225e+00	-4.562590e-01	1.995616e+00	-3.692488e-02	-8.823409e-01
113	-5.278740e-02	2.417122e+00	-4.662755e-01	1.625696e+00	-2.842267e+00	-1.237674e-01
114	1.067559e-01	2.507906e+00	-3.782972e-01	1.863913e+00	-1.714723e+00	1.372051e+00
115	1.842090e-02	2.489304e+00	-3.743265e-01	-6.556392e-01	-1.544426e+00	1.809282e-01
116	-9.023293e-02	2.497402e+00	-3.582421e-01	1.933707e-01	-2.887232e+00	2.677360e+00
117	-1.075640e-02	2.421928e+00	-3.443226e-01	7.339669e-01	-2.437015e+00	2.627136e+00
118	-5.743307e-02	2.616122e+00	-3.917676e-01	2.633815e-01	-1.883003e-01	4.908853e-01
119	-1.940916e-02	2.605099e+00	-3.871781e-01	-4.055853e-01	-4.128587e-02	-1.784882e+00
120	-9.359961e-02	2.515680e+00	-3.971525e-01	5.300490e-01	9.780402e-01	-1.740951e+00
121	6.954791e-02	2.608709e+00	-4.486651e-01	-4.284563e+00	-5.976509e-01	-3.053053e-01
122	1.820860e-03	2.502759e+00	-4.290325e-01	3.979632e-01	-1.988351e+00	1.094647e-01
123	-2.302957e-02	2.438302e+00	-3.727288e-01	2.513667e+00	-2.130498e+00	-3.561763e-01
124	-6.760434e-02	2.532002e+00	-3.448816e-01	6.342345e-01	1.000535e+00	2.914647e+00
125	-4.377598e-03	2.522376e+00	-4.078520e-01	-3.879806e-01	1.467503e+00	-1.238624e+00
126	6.958727e-02	2.627589e+00	-3.755094e-01	1.656972e+00	1.151800e+00	6.522374e-02
127	-5.080471e-02	2.483423e+00	-3.817827e-01	-1.552437e+00	1.599082e-01	-1.201242e+00
128	-1.266992e-02	2.539796e+00	-4.974387e-01	-3.594414e+00	-1.714380e+00	1.740749e+00
129	4.364678e-02	2.616179e+00	-3.375914e-01	2.571089e+00	2.533232e+00	1.033467e+00
130	-2.156745e-02	2.593609e+00	-3.099441e-01	1.098872e+00	9.109712e-01	2.558167e+00
131	-1.829464e-03	2.518421e+00	-4.325220e-01	2.113720e-01	1.485891e+00	1.410233e+00
132	6.537697e-02	2.534074e+00	-2.537466e-01	3.229603e+00	7.420205e-01	4.857884e+00
133	2.213873e-02	2.512541e+00	-2.593735e-01	2.723756e+00	2.632213e-01	8.451640e-01
134	-2.765286e-02	2.485180e+00	-3.865277e-01	-9.506798e-01	7.058573e-01	-1.154976e+00
135	4.154817e-02	2.536841e+00	-3.677346e-01	-6.163924e-01	-2.055323e-01	3.532224e-01
136	-1.006392e-02	2.507524e+00	-3.848717e-01	-4.316130e-01	4.329138e-01	4.344427e+00
137	6.571586e-02	2.536550e+00	-2.567785e-01	1.841897e+00	-5.418116e-01	5.152802e-01
138	-6.482779e-02	2.570148e+00	-3.114486e-01	-6.643245e+00	-5.236034e-01	1.976737e+00
139	-4.916012e-02	2.541607e+00	-3.797862e-01	2.293772e+00	4.551796e-01	1.641947e+00
140	-3.333073e-02	2.558474e+00	-2.246780e-01	-3.693465e+00	-1.394634e+00	2.030145e+00
141	-4.985240e-02	2.472024e+00	-3.725170e-01	-3.554311e+00	-2.337919e+00	1.429477e+00
142	3.161424e-02	2.471754e+00	-3.260668e-01	1.534362e+00	3.335160e-01	9.485871e-01
143	3.654557e-02	2.554173e+00	-3.390860e-01	2.794882e+00	7.622050e-01	1.010918e+00
144	-4.083899e-02	2.465548e+00	-2.830146e-01	-1.580050e+00	-3.700037e+00	2.731759e+00
145	1.493117e-01	2.575400e+00	-3.084725e-01	3.615902e+00	-6.876249e-01	3.269030e-01
146	-7.066538e-02	2.447542e+00	-3.748151e-01	-1.507287e+00	-3.464150e-02	5.216631e-01
147	8.536400e-02	2.552780e+00	-3.645556e-01	3.477079e+00	2.206223e+00	1.682123e+00
148	7.732425e-02	2.595233e+00	-2.707372e-01	2.478371e-01	-6.580828e-02	5.580641e+00
149	-8.159966e-02	2.600224e+00	-4.571278e-01	8.857835e-01	2.431631e+00	2.313104e+00
150	-1.491693e-02	2.526845e+00	-3.692156e-01	2.315000e+00	-9.082210e-01	-4.632744e-01
151	-1.029766e-01	2.587396e+00	-2.805178e-01	-5.605930e+00	7.116039e-01	1.680895e+00
152	-7.482586e-02	2.555780e+00	-2.847759e-01	-3.218497e+00	3.197266e+00	7.223861e-01
153	-5.816972e-02	2.588874e+00	-3.705451e-01	-3.968482e+00	3.890492e-01	1.197513e+00
154	-5.193905e-02	2.546218e+00	-3.636549e-01	-2.227632e+00	-2.529664e+00	3.032518e+00
155	6.207975e-02	2.495765e+00	-3.141341e-01	3.273910e+00	8.540655e-01	2.149325e+00
156	-6.526710e-02	2.542502e+00	-3.455685e-01	1.646099e-01	6.929887e-01	1.372885e+00
157	-9.767819e-02	2.472492e+00	-4.176060e-01	-6.434031e+00	-2.477871e+00	3.307705e+00
158	3.131186e-02	2.580511e+00	-3.768207e-01	3.295554e+00	1.278281e+00	8.659662e-01
159	-1.793354e-02	2.610492e+00	-2.653408e-01	-5.558574e+00	-3.506568e-02	1.727431e+00
160	1.195635e-01	2.572508e+00	-3.760174e-01	2.695954e+00	5.235195e-01	-1.250276e-01
161	2.604706e-02	2.485095e+00	-4.200148e-01	1.557078e-01	-1.233541e+00	4.835205e-01
162	6.939518e-02	2.584013e+00	-3.093436e-01	3.143353e+00	5.613052e-01	2.106627e+00
163	4.012643e-03	2.517142e+00	-4.005919e-01	9.363462e-01	-1.476490e-01	8.033185e-01
164	6.931648e-02	2.553398e+00	-2.786194e-01	3.466716e+00	1.755833e+00	4.234131e+00
165	1.071738e-02	2.514459e+00	-3.418693e-01	-6.757300e-02	-2.062637e+00	4.865605e+00
166	-1.661934e-02	2.492330e+00	-4.137702e-01	-4.818219e-01	-1.162937e+00	8.809437e-01
167	2.591684e-02	2.467884e+00	-2.862238e-01	6.167115e-01	-1.424289e+00	1.351488e+00
168	-5.989643e-02	2.507318e+00	-3.052779e-01	-2.447001e+00	-2.196611e+00	3.519636e+00
169	-7.067595e-02	2.602136e+00	-2.368117e-01	-3.667235e+00	6.325195e-01	6.201192e+00
170	8.110413e-02	2.488116e+00	-3.144340e-01	7.948851e-01	-1.508729e+00	5.137285e+00
171	6.037701e-02	2.486299e+00	-4.392536e-01	-4.325473e-01	2.219531e+00	-1.338432e+00
172	5.235905e-02	2.548513e+00	-4.301087e-01	1.703537e+00	-9.952061e-01	1.815950e-01
173	5.266851e-02	2.476191e+00	-4.528125e-01	-5.485083e-01	-1.006602e+00	-4.873270e-01
174	1.204246e-01	2.635871e+00	-3.511393e-01	1.744600e+00	2.562462e+00	1.506427e+00
175	6.679971e-02	2.637696e+00	-3.965813e-01	3.511991e+00	3.455796e+00	1.071685e+00
176	4.189315e-04	2.533265e+00	-4.114753e-01	3.261100e+00	2.707259e-02	-1.011538e+00
177	3.647323e-03	2.500318e+00	-3.567833e-01	-5.907875e-02	-1.313085e+00	1.973251e+00
178	-6.614619e-02	2.562356e+00	-3.277777e-01	2.402797e+00	-1.904346e-01	1.538813e+00
179	1.440081e-02	2.504659e+00	-2.766790e-01	2.585676e+00	5.288364e-01	3.344774e+00
180	-1.122546e-01	2.553609e+00	-3.988928e-01	-6.309080e+00	4.296570e-01	9.362643e-01
181	5.476021e-03	2.632732e+00	-3.425548e-01	-1.773515e-01	-1.758660e+00	-5.417108e-01
182	1.650644e-03	2.526011e+00	-4.096314e-01	1.931962e+00	5.304020e-01	1.925249e+00
183	1.051554e-02	2.515070e+00	-3.779022e-01	1.844259e+00	-2.181084e-01	-5.918623e-01
184	8.746944e-03	2.455605e+00	-4.033703e-01	1.941004e+00	-1.807396e+00	1.238249e+00
185	-8.318214e-02	2.510374e+00	-4.606204e-01	-1.673472e+00	7.096227e-01	-1.144061e+00
186	5.590221e-02	2.507674e+00	-3.182059e-01	8.329927e-01	-2.302280e+00	2.648864e+00
187	-2.261206e-02	2.538661e+00	-2.229953e-01	-2.518505e+00	1.730720e+00	1.608834e+00
188	-5.552591e-02	2.578472e+00	-3.533136e-01	-3.685931e+00	2.961991e+00	2.299671e+00
189	1.244387e-01	2.595696e+00	-3.852380e-01	1.424428e+00	6.887863e-01	2.386970e+00
190	-9.277675e-02	2.665582e+00	-4.200589e-01	-5.901765e+00	2.976940e+00	2.487329e+00
191	-1.082404e-01	2.545504e+00	-3.448858e-01	-6.780018e-01	-1.241897e+00	2.736513e-01
192	-3.348236e-02	2.537984e+00	-3.345262e-01	-3.775042e+00	-1.631750e+00	1.677271e+00
193	-4.837401e-02	2.542418e+00	-3.568967e-01	1.744177e+00	-6.440109e-01	-1.985188e+00
194	4.124664e-02	2.570429e+00	-3.257132e-01	2.762680e+00	-6.681738e-01	1.148594e+00
195	-1.049737e-01	2.534831e+00	-4.041199e-01	-5.912217e+00	2.037851e+00	3.335808e+00
196	7.753187e-02	2.577631e+00	-3.098343e-01	-4.563857e+00	4.699775e+00	2.829666e+00
197	6.193236e-02	2.546375e+00	-3.390902e-01	3.292210e+00	8.881620e-01	2.824351e+00
198	-2.416955e-02	2.576322e+00	-3.802730e-01	-7.085780e-01	-5.424294e-02	3.684345e+00
199	1.986374e-02	2.570882e+00	-3.491391e-01	-5.044598e+00	-1.777746e+00	2.516029e+00
